"Node1","Node2"
1,2
1,6
1,20
1,10
1,46
1,14
2,3
2,14
2,18
2,23
2,37
2,41
2,1
2,16
3,4
3,27
3,45
3,290
3,1
3,6
3,2
3,10
4,5
4,13
4,34
4,39
4,40
4,47
4,3
4,555
6,7
6,10
6,21
6,24
6,3
6,31
6,37
6,51
6,1
6,46
6,2
7,8
7,6
7,136
8,9
8,289
8,705
8,572
8,7
10,11
10,29
10,43
10,180
10,421
10,124
10,134
10,144
10,3
10,6
10,293
11,12
14,15
14,48
14,51
14,299
15,16
15,26
16,17
16,53
16,1
16,786
18,19
18,188
18,33
20,18
20,79
20,16
20,122
21,22
21,35
21,6
21,896
22,19
22,289
23,22
23,895
23,1091
24,25
24,50
24,299
24,492
24,81
24,49
24,158
24,156
24,157
24,1214
25,26
25,30
25,530
27,28
27,188
27,3
27,712
27,289
27,911
27,685
27,797
27,18
27,165
31,32
32,33
33,18
33,49
34,102
34,116
34,161
34,101
34,189
34,191
34,192
34,426
34,429
34,113
34,114
34,66
35,36
35,21
35,326
37,38
37,119
41,42
41,119
41,326
43,44
43,29
43,292
43,6
43,10
43,436
43,272
43,1090
43,712
43,167
43,46
44,208
44,786
44,148
44,176
44,577
44,792
44,46
44,802
44,110
44,807
44,528
44,537
44,809
44,27
44,436
44,822
44,830
44,289
44,837
44,843
45,46
46,43
46,50
46,12
46,29
46,134
46,91
46,421
46,176
46,794
46,51
46,172
46,127
46,49
47,84
47,66
47,120
47,52
47,470
47,473
47,477
47,125
47,82
47,482
47,488
47,34
47,98
47,83
47,163
47,672
47,127
48,49
49,46
49,273
49,434
49,185
49,33
49,435
49,436
49,14
49,24
49,7
50,49
50,185
50,24
50,566
50,273
50,731
50,793
51,52
51,273
51,46
51,50
51,49
51,563
51,491
51,435
51,114
51,272
52,76
52,81
52,135
52,263
52,168
52,266
52,120
52,134
52,124
52,276
52,125
52,127
52,148
52,286
52,291
52,295
52,296
52,128
52,9
52,270
52,470
52,737
53,54
53,69
53,75
53,787
53,829
53,1095
54,96
54,145
54,116
54,93
54,150
54,102
54,171
54,110
55,56
56,57
56,906
56,933
56,904
57,58
57,395
58,59
58,933
59,60
59,58
60,61
62,63
62,70
62,88
62,114
62,62
62,66
63,64
63,52
63,82
63,98
63,120
63,126
63,135
64,65
65,66
65,141
65,114
65,64
65,575
66,67
66,72
66,73
66,82
66,568
66,65
66,581
66,114
67,68
67,112
67,115
67,676
68,53
68,77
68,86
68,93
68,108
68,132
68,109
68,173
68,220
68,254
68,20
68,67
68,190
68,141
68,148
68,116
68,789
68,711
68,814
68,212
68,1196
68,815
68,1215
68,73
70,71
70,141
71,72
71,110
71,675
71,70
72,73
72,111
72,115
72,110
72,142
72,67
72,479
72,201
72,808
73,74
73,78
73,87
73,95
73,186
73,509
73,526
73,66
73,424
74,75
75,53
75,94
75,119
75,844
75,845
75,110
76,81
76,263
77,20
77,116
77,68
77,102
78,20
79,80
79,152
79,168
79,183
79,553
79,573
79,72
79,538
79,105
81,278
81,281
81,687
81,689
82,83
82,101
82,106
82,34
82,64
82,301
82,66
82,63
82,98
83,47
83,82
83,64
83,473
83,671
84,85
85,5
86,396
86,412
87,68
88,89
88,97
88,140
89,90
89,100
89,110
89,537
89,121
89,655
89,657
89,658
89,662
89,82
89,267
89,664
89,665
89,666
89,667
89,64
89,162
89,708
90,91
90,432
91,92
91,138
91,139
91,144
91,146
91,90
91,427
91,100
91,101
91,435
93,94
93,68
93,569
94,157
94,26
94,75
94,617
94,828
94,96
95,54
95,495
95,1052
96,94
96,151
96,54
98,99
98,502
98,47
100,134
100,266
100,656
100,107
100,125
100,666
101,34
101,82
101,431
101,732
102,103
102,53
102,109
102,154
102,156
102,163
102,77
102,116
102,34
102,200
102,171
102,73
102,1019
103,104
103,164
103,181
103,34
103,102
104,105
104,113
104,118
104,82
104,424
105,842
106,107
106,124
106,162
106,82
107,700
108,109
108,36
108,68
108,103
108,841
109,116
109,67
109,113
109,579
109,112
109,108
109,840
109,841
109,34
109,36
110,72
110,132
110,44
110,176
110,577
110,74
110,78
110,95
110,71
110,171
110,830
110,1117
110,844
110,1130
111,108
111,67
113,131
113,103
113,194
113,536
113,542
113,108
113,551
113,554
113,556
113,119
113,297
113,77
113,4
113,570
113,195
113,67
113,72
113,102
113,430
113,113
114,34
114,493
114,66
114,51
114,302
116,117
116,137
116,149
116,113
116,34
116,77
116,172
116,428
116,425
116,54
116,124
116,96
117,118
118,119
118,66
118,736
119,10
119,38
119,474
119,291
119,529
119,152
120,121
120,82
120,83
120,266
120,287
120,63
120,52
121,122
121,123
121,559
121,120
121,270
121,544
122,135
122,467
122,690
122,1014
122,121
124,125
124,116
124,274
124,135
124,191
124,435
124,106
124,10
124,737
125,100
125,92
125,90
125,106
125,46
125,47
126,127
126,529
126,470
126,489
126,435
127,128
127,682
127,13
128,129
128,105
129,130
129,105
129,512
131,511
132,133
132,110
132,24
132,68
133,132
133,68
134,92
134,90
134,266
134,10
134,144
134,46
134,427
134,707
135,136
135,264
135,268
135,284
135,424
135,598
135,122
135,736
135,124
135,857
135,627
135,968
135,678
136,466
136,504
136,518
136,454
136,660
136,263
136,398
136,711
136,687
136,135
136,597
137,52
137,116
137,666
137,702
137,125
137,266
139,144
139,91
139,161
141,113
141,429
141,72
142,143
143,113
143,429
144,420
144,91
144,161
144,134
144,139
144,10
145,146
145,148
145,202
145,550
145,201
145,73
145,1134
145,54
146,147
146,155
146,422
146,423
146,552
146,562
146,825
146,827
146,72
146,82
147,69
148,149
148,108
148,300
148,145
148,110
148,208
148,823
148,824
148,1064
148,1122
149,69
149,96
149,148
150,102
151,20
151,170
151,109
151,36
152,153
152,119
152,35
153,38
153,152
154,155
154,73
155,480
155,498
155,146
155,978
156,102
157,158
157,165
157,166
157,94
157,791
157,17
157,26
157,820
157,384
157,30
157,24
157,507
158,159
158,528
158,191
158,17
158,16
159,160
160,12
161,92
161,100
161,138
161,139
161,425
161,90
161,134
161,144
162,267
162,294
163,99
163,192
165,28
165,27
165,783
165,30
165,94
166,167
167,43
167,1093
168,169
168,85
168,105
168,129
168,79
168,1119
169,105
170,109
171,116
171,110
171,102
171,54
172,68
172,378
172,815
172,295
173,174
173,813
173,86
173,986
174,175
174,412
174,1125
176,177
176,44
176,460
176,187
176,528
176,800
177,178
178,179
179,175
179,307
179,324
179,187
180,512
181,182
182,66
183,184
184,38
185,123
185,15
186,187
186,196
186,341
187,1094
187,176
187,577
187,792
187,802
187,173
187,323
187,1115
187,843
187,168
187,845
187,1120
187,1121
187,210
187,797
187,174
187,830
187,822
188,43
188,27
188,165
189,190
190,89
190,97
191,190
191,430
191,35
191,830
191,1097
192,193
193,89
193,140
194,195
195,47
195,266
195,571
195,137
197,198
198,199
199,200
199,340
200,201
200,496
201,145
201,95
201,497
201,552
201,72
201,826
201,155
202,109
203,204
204,205
205,377
205,86
206,207
206,209
206,527
206,632
206,405
206,1011
207,208
207,968
208,781
208,292
208,461
208,179
208,191
208,786
208,783
209,210
209,895
209,941
209,942
209,362
210,958
210,1129
211,212
212,213
212,216
212,68
212,749
212,751
212,752
212,753
212,754
212,594
212,763
212,766
212,767
212,772
212,774
212,211
213,214
213,223
213,225
213,229
213,234
213,238
213,240
213,217
213,220
213,742
213,212
213,770
213,775
213,712
214,215
214,259
214,239
214,244
214,224
214,258
214,213
216,217
216,220
216,255
217,218
217,253
217,255
218,219
218,222
218,249
218,221
218,256
218,250
218,441
218,746
218,255
218,440
218,745
218,252
218,1062
220,221
220,250
220,260
220,452
220,213
220,776
221,218
221,251
221,953
221,1007
221,212
223,224
224,443
224,446
224,252
224,442
224,1056
224,214
225,226
226,227
226,228
226,233
226,243
226,245
226,248
229,230
230,231
230,750
230,261
231,232
234,235
235,236
235,241
235,447
236,237
238,239
238,244
238,258
238,213
238,1029
240,241
241,242
241,246
241,247
241,257
241,250
241,452
241,235
250,218
250,252
250,226
250,241
250,260
250,220
250,221
251,252
252,438
252,444
252,1041
253,221
254,252
257,1054
257,241
257,1057
258,238
258,1032
258,1034
258,450
258,1037
258,231
258,449
259,738
259,213
259,741
259,743
259,238
259,214
259,755
260,261
261,262
261,437
261,235
261,448
261,218
261,230
262,261
263,76
263,9
263,265
263,124
263,81
263,466
263,734
263,992
264,9
264,724
266,134
266,52
266,281
266,81
266,538
266,137
268,269
269,270
270,271
270,272
271,26
272,51
272,544
272,52
273,2
273,1
274,275
274,298
275,97
275,140
276,277
276,47
277,99
278,279
278,505
279,280
280,281
280,608
281,282
281,136
281,81
282,283
283,61
284,285
284,123
284,24
285,9
286,287
286,730
287,288
287,484
287,81
287,101
287,733
288,8
289,27
289,188
289,560
289,8
289,44
291,43
291,521
291,636
291,693
292,293
292,510
292,668
292,679
292,839
293,179
295,119
295,814
296,297
297,38
297,563
298,89
299,595
299,24
299,572
299,121
299,597
300,113
301,302
302,303
303,62
304,305
304,903
304,632
305,306
306,1139
306,1140
306,1143
306,393
306,456
306,660
306,899
306,739
306,1145
307,308
308,314
308,387
308,689
308,964
308,967
309,310
310,311
311,393
311,391
311,392
311,689
312,313
312,318
312,314
312,329
312,336
312,342
312,350
312,383
312,385
312,390
312,343
312,407
312,413
312,320
312,848
312,203
312,198
313,314
314,315
314,333
314,386
314,397
314,606
314,312
315,316
315,327
315,403
315,314
315,392
316,317
316,333
318,319
318,203
319,320
319,623
319,346
319,1027
320,321
320,86
320,312
321,322
321,16
321,1102
322,323
322,325
322,341
322,384
322,600
323,179
323,86
324,286
325,326
327,328
328,1084
328,348
329,330
329,343
330,331
330,353
331,332
333,334
333,367
333,618
333,369
333,381
334,335
334,380
335,369
335,381
336,337
336,198
337,338
337,346
338,339
338,848
338,321
339,340
340,409
340,322
340,1017
340,981
340,199
340,848
341,26
342,343
343,344
343,357
343,361
343,362
343,365
343,372
343,374
343,403
344,345
345,346
345,404
345,397
345,312
346,347
346,379
346,995
346,471
347,348
348,349
350,351
350,397
350,789
350,354
351,352
352,330
353,354
353,624
354,355
354,371
355,356
356,61
357,358
358,359
358,475
358,893
358,386
358,372
358,627
358,963
359,360
359,1002
360,61
361,343
361,404
361,353
361,929
361,332
361,971
362,363
362,454
362,659
362,670
363,364
365,366
365,335
365,471
365,158
365,621
365,1222
366,367
366,381
367,368
367,419
369,370
372,373
372,350
373,371
374,375
374,379
375,376
375,619
377,172
378,105
379,348
379,1084
381,382
383,320
384,38
385,314
386,387
386,401
386,894
386,965
386,893
386,1108
387,388
387,678
387,964
387,401
387,1072
388,389
388,1107
390,391
391,392
391,615
391,1212
392,311
392,333
392,369
393,394
393,950
393,391
393,311
394,57
395,633
396,187
397,398
397,402
397,345
397,319
397,314
397,604
397,1083
397,1085
398,399
398,709
398,690
398,1064
399,400
400,386
401,971
401,1068
401,387
401,1073
401,1074
401,625
401,629
401,1080
401,308
401,361
401,350
401,386
402,401
403,345
403,1084
403,348
404,405
404,616
405,406
405,685
405,990
405,994
405,1047
405,1081
406,641
406,405
406,994
406,1046
406,895
406,387
406,1014
407,408
408,1016
408,1020
408,340
408,1024
409,410
409,1103
410,411
411,109
411,503
411,497
411,816
411,981
412,176
412,44
413,414
414,415
415,416
416,417
417,418
420,10
421,84
422,82
423,267
423,64
423,294
423,62
424,73
424,68
424,66
424,72
424,1132
425,34
425,47
427,97
427,89
427,140
427,706
428,99
428,424
430,118
430,365
431,89
432,433
433,427
434,123
435,22
435,483
435,51
435,535
435,91
435,100
435,124
435,470
435,50
436,299
436,43
436,44
436,544
437,218
437,440
438,439
439,215
440,213
441,442
441,218
442,224
442,441
443,439
444,445
445,214
445,259
446,445
447,226
448,449
448,261
449,450
449,448
450,451
450,239
450,244
450,258
450,449
450,748
450,1041
451,231
452,453
453,233
454,455
454,362
454,52
455,456
455,654
456,457
456,761
456,455
457,458
458,459
459,306
460,461
460,910
460,895
461,810
462,463
462,759
463,464
464,465
466,467
466,520
466,734
467,468
467,469
467,481
467,524
467,534
470,430
470,119
470,435
470,83
470,127
471,472
471,365
472,317
473,84
473,127
474,358
474,206
474,677
475,476
476,393
477,478
477,494
478,479
479,155
479,200
479,507
479,525
480,340
482,10
483,90
484,485
485,486
486,487
486,948
487,19
488,489
489,490
489,75
489,296
489,295
490,491
490,296
491,51
491,798
493,72
494,201
495,26
496,201
497,411
497,977
497,201
498,499
499,500
499,507
500,501
500,506
501,812
502,190
504,278
506,817
507,508
507,513
508,818
509,67
510,179
511,512
511,130
513,514
514,515
514,517
515,516
517,382
518,519
519,466
520,389
521,522
521,944
521,1008
522,523
523,1149
523,1152
523,1161
523,1165
523,1009
523,1176
523,1183
523,1140
523,1190
523,1025
523,1200
523,1203
523,1205
525,154
525,73
526,187
527,401
528,176
528,158
529,25
529,119
530,531
530,668
531,532
531,533
532,312
533,312
535,4
536,537
536,578
537,195
537,135
537,47
537,425
537,158
538,539
538,109
539,540
540,541
542,543
542,65
543,544
544,545
544,24
544,572
544,121
544,299
544,1013
544,76
545,546
546,547
546,548
547,548
548,549
548,7
549,466
551,146
551,561
552,79
552,67
553,365
553,291
554,4
555,287
556,557
557,558
558,544
558,559
559,289
559,548
560,9
561,479
562,205
563,564
563,485
563,567
564,565
565,566
565,932
566,596
567,283
570,105
571,107
571,125
572,285
572,544
573,574
574,43
575,576
577,44
577,790
577,325
577,110
578,266
578,582
579,580
579,109
582,52
583,459
584,585
585,586
586,587
586,592
587,588
588,589
589,590
590,591
591,238
592,593
593,594
595,76
596,326
597,598
598,135
598,688
598,729
598,185
599,312
600,175
601,602
601,603
601,628
601,635
601,788
602,174
603,179
604,605
604,609
604,614
604,361
604,617
604,615
604,620
604,622
604,319
604,629
604,636
604,640
604,646
604,649
604,650
604,651
604,1158
605,308
605,615
605,361
606,607
606,937
606,947
607,280
608,504
609,610
610,611
611,612
612,613
614,476
615,392
615,315
615,850
616,19
617,186
617,621
617,601
617,79
617,604
617,311
618,619
618,376
618,348
620,311
621,378
621,679
621,838
621,384
622,397
623,199
624,625
625,626
625,940
625,642
625,358
626,627
628,175
629,630
629,310
629,943
629,1076
630,631
631,632
632,57
632,358
632,934
633,634
635,187
636,637
636,620
636,780
636,650
636,651
636,647
637,638
638,639
639,401
640,641
641,642
641,868
642,643
642,148
642,894
643,644
644,645
645,406
646,647
646,405
647,648
647,312
647,975
648,312
649,604
650,312
651,312
652,653
653,454
654,61
655,430
656,76
657,537
657,102
657,47
658,126
658,120
658,489
658,121
659,362
659,660
659,883
660,661
660,456
660,282
660,873
660,879
660,1144
660,659
661,670
661,674
661,660
662,663
663,71
664,71
664,684
665,64
666,667
666,162
666,137
666,62
666,134
666,107
667,64
667,666
668,669
668,788
668,292
669,415
669,391
670,717
670,773
671,168
672,673
673,128
675,67
676,109
677,387
678,627
679,680
679,686
680,681
681,383
682,683
683,295
684,110
685,1045
685,1089
686,408
687,598
687,716
687,717
689,690
689,971
689,947
689,866
690,691
690,121
690,730
690,970
691,692
692,895
692,991
692,896
692,996
692,1001
692,1005
692,1006
692,308
693,694
694,604
695,696
696,697
696,699
697,312
698,696
699,312
700,701
701,97
701,140
702,703
703,704
704,661
705,175
707,427
708,62
709,710
710,487
710,20
711,712
711,714
711,730
711,173
712,713
712,776
713,26
713,17
714,715
714,735
715,27
716,61
717,718
717,740
718,719
719,720
719,606
720,721
720,963
720,1105
721,722
721,866
721,23
721,962
721,937
722,723
724,725
724,287
725,726
726,727
727,728
728,105
729,105
730,50
731,109
732,296
733,38
734,389
734,534
735,46
735,157
735,1123
736,691
736,565
737,89
738,739
738,951
738,955
739,659
740,468
740,469
740,481
740,524
740,534
741,223
741,762
741,770
742,235
742,748
742,776
743,744
744,745
745,218
745,223
746,747
747,748
748,235
748,452
748,750
748,1040
750,452
755,756
755,758
756,757
756,890
757,58
758,462
759,760
760,660
761,915
762,252
763,764
763,768
764,765
768,769
768,771
770,255
773,389
774,212
775,776
776,777
776,754
776,772
777,212
778,779
779,465
780,647
780,850
780,927
781,782
782,165
783,784
783,834
783,911
783,710
783,1133
784,785
784,122
785,23
786,157
786,208
786,153
786,1118
787,69
788,68
790,157
791,191
792,324
792,1127
793,326
794,795
795,796
796,797
797,27
797,1094
797,786
797,830
797,28
797,574
797,188
798,799
799,5
800,801
801,156
802,803
802,711
803,804
803,1126
804,805
804,811
805,806
805,816
805,201
806,410
806,496
806,805
806,507
807,94
807,157
807,790
808,82
809,157
810,19
811,499
811,507
813,200
814,711
814,806
816,500
816,102
818,819
820,821
821,168
822,148
822,54
822,145
822,73
823,378
824,109
824,36
825,826
825,827
826,143
827,512
828,53
829,512
830,831
830,1053
830,574
830,797
830,43
830,1124
830,537
830,110
831,832
832,833
834,835
835,836
837,621
839,838
840,89
841,47
842,578
843,75
843,735
844,110
844,132
845,148
845,735
845,75
846,847
847,465
848,86
848,1025
848,312
848,1208
849,615
849,1175
850,851
850,861
851,312
852,853
852,858
852,864
852,721
852,659
852,876
852,880
852,865
852,899
852,917
852,719
852,949
853,854
853,870
853,905
853,56
853,935
854,855
855,856
855,1179
856,135
858,859
858,891
858,938
858,958
859,860
860,780
860,636
861,862
862,863
864,865
864,315
865,315
865,864
865,618
865,971
866,867
866,209
866,931
866,932
866,565
867,868
868,869
868,967
868,997
868,1002
868,1003
868,1070
868,1151
868,308
870,871
871,872
871,888
871,902
872,222
872,593
872,930
872,936
873,874
873,912
874,875
876,877
876,882
877,878
878,660
879,874
879,885
880,881
881,876
881,738
882,659
883,884
884,23
885,886
886,887
888,889
889,756
890,233
891,892
891,860
891,358
892,358
893,894
893,358
894,601
894,946
894,628
894,635
894,1067
894,965
895,21
895,896
895,460
895,207
895,987
895,988
895,1012
895,689
895,209
895,1128
896,897
896,993
896,206
897,898
898,19
899,900
899,954
899,721
900,901
901,871
902,304
903,904
903,304
905,56
906,907
906,1141
907,908
908,909
909,904
910,27
911,26
912,913
913,914
915,916
917,918
917,921
917,629
917,476
917,475
918,919
919,920
921,922
922,923
923,924
924,925
925,926
926,311
927,928
928,929
930,249
931,932
932,105
933,903
934,871
935,59
936,252
937,690
937,606
938,939
939,625
940,627
941,942
941,628
942,175
942,187
943,521
944,945
944,1009
946,383
947,486
947,606
948,38
949,670
950,522
951,952
952,221
953,306
954,955
954,1213
954,1217
955,956
956,957
957,306
958,959
958,968
959,960
960,961
960,965
960,179
960,894
961,187
962,963
963,308
963,966
963,999
963,1150
963,1072
963,388
963,917
963,1226
964,1068
964,387
964,639
964,720
964,689
964,1106
964,401
964,308
965,398
965,1067
965,1049
966,405
967,692
968,969
968,148
968,958
969,44
970,52
970,974
971,972
971,1008
971,358
971,404
971,1210
971,689
972,973
973,604
974,726
975,976
976,312
977,86
977,980
978,979
979,495
980,322
981,982
981,816
982,86
983,984
983,985
984,19
984,986
985,968
985,965
986,960
986,983
987,468
987,469
987,481
987,524
987,534
988,989
989,405
990,345
991,122
991,1005
991,947
992,9
993,460
994,319
995,375
996,868
997,998
997,354
998,999
999,1000
1000,61
1001,868
1002,61
1003,1004
1004,371
1005,118
1005,991
1006,221
1006,308
1006,1013
1006,646
1007,135
1008,521
1008,971
1009,1010
1009,1170
1009,1174
1011,968
1012,389
1013,308
1013,52
1014,1015
1014,1049
1015,136
1016,340
1016,1018
1017,86
1018,321
1018,1023
1019,200
1020,386
1020,1021
1021,1022
1022,361
1023,205
1024,319
1025,1026
1025,848
1026,523
1027,1028
1028,397
1029,1030
1030,1031
1030,1036
1030,1039
1030,1044
1032,1033
1033,215
1034,1035
1035,214
1035,259
1037,1038
1038,214
1040,252
1041,1042
1041,450
1042,1043
1043,224
1045,616
1046,565
1047,1048
1048,206
1049,1050
1050,692
1051,82
1051,70
1051,71
1051,63
1052,93
1054,1055
1054,230
1054,742
1055,218
1055,1061
1056,770
1057,1058
1058,1059
1058,1060
1058,764
1058,768
1059,68
1060,594
1061,221
1062,1063
1063,255
1064,1065
1065,1066
1066,616
1067,174
1068,1069
1069,868
1070,1071
1071,468
1071,524
1071,534
1072,469
1072,481
1072,534
1073,350
1073,397
1074,1075
1075,361
1076,1077
1076,55
1077,1078
1078,1079
1079,56
1080,405
1081,1082
1082,783
1083,337
1084,349
1085,1086
1085,1100
1086,1087
1087,1088
1088,312
1089,12
1090,160
1091,1092
1091,579
1092,168
1093,157
1094,187
1094,797
1095,319
1096,191
1096,1101
1097,1098
1098,1099
1099,1085
1100,370
1101,321
1102,409
1103,1104
1104,408
1105,354
1106,135
1106,958
1107,1219
1107,312
1107,1223
1107,1224
1108,408
1109,1110
1109,1111
1109,1112
1110,312
1111,312
1112,312
1113,1114
1114,465
1115,1116
1116,86
1117,617
1117,828
1118,461
1119,157
1120,790
1121,460
1122,116
1123,158
1124,832
1125,668
1126,479
1127,1128
1128,895
1128,899
1129,173
1130,1131
1135,1136
1136,1137
1137,1138
1138,976
1139,393
1140,1141
1140,1186
1141,1142
1141,1147
1142,334
1143,866
1144,947
1145,1146
1146,1141
1147,1148
1148,523
1149,1008
1149,617
1149,68
1149,1211
1150,868
1152,1153
1153,1154
1154,1155
1155,1156
1156,1157
1157,906
1158,1159
1159,1160
1160,332
1161,1162
1162,1163
1163,1164
1165,1166
1166,1167
1167,1168
1168,1169
1168,849
1169,904
1170,1171
1171,1172
1171,1192
1172,1173
1173,328
1174,1168
1175,315
1176,1177
1177,1178
1178,855
1179,1180
1180,1181
1181,1182
1181,1197
1183,1184
1184,1185
1184,1198
1185,60
1186,1187
1186,1195
1187,1188
1188,1189
1188,920
1190,1191
1191,1186
1192,1193
1193,1194
1193,1202
1194,369
1195,1149
1196,311
1198,1199
1199,371
1200,1201
1201,945
1202,335
1203,1204
1204,521
1205,1206
1206,1207
1207,848
1208,1209
1209,306
1210,401
1211,391
1213,738
1214,172
1215,1216
1217,1218
1218,311
1219,1220
1220,1221
1221,963
1222,333
1223,868
1224,1225
1225,937
1226,135
