"Node1","Node2"
1,4
1,49
1,50
1,51
1,54
1,66
1,95
1,97
1,100
1,109
1,139
1,153
1,168
1,172
1,174
1,189
1,191
1,198
1,214
1,227
1,230
1,234
1,238
1,263
1,264
1,288
1,301
1,306
1,316
1,321
1,345
1,349
1,352
1,360
1,365
1,372
1,373
1,375
1,376
1,377
1,379
1,380
1,390
1,397
1,408
1,411
1,412
1,413
1,414
1,423
1,426
1,431
1,435
1,448
1,464
1,470
1,471
1,479
1,480
1,501
1,504
1,509
1,510
1,512
1,530
1,535
1,544
1,554
1,556
1,559
1,560
2,21
2,273
3,535
4,441
5,273
5,544
6,514
7,54
7,98
7,234
7,337
7,489
7,510
8,226
8,463
9,153
9,170
9,303
9,305
9,323
9,347
9,420
10,301
10,416
11,94
11,382
11,535
12,501
13,207
13,293
13,498
14,173
14,204
14,261
14,509
14,545
15,535
16,535
16,544
17,234
17,351
17,379
17,555
18,118
18,144
18,510
19,142
19,482
20,501
21,338
21,517
22,270
22,535
23,234
23,512
24,448
25,70
25,544
26,379
27,544
28,263
28,288
28,389
28,398
29,60
29,95
29,113
29,242
29,246
29,248
29,327
29,339
29,373
29,439
29,441
29,445
29,447
29,452
29,457
29,545
30,155
31,38
31,39
31,189
31,288
31,410
31,535
32,234
32,263
32,407
32,535
32,544
33,535
34,285
34,561
35,41
35,43
35,185
36,322
37,238
37,308
37,416
37,486
40,43
40,306
40,510
41,263
42,349
42,367
42,418
43,116
44,301
45,90
45,102
45,195
45,245
45,255
45,299
45,300
45,423
45,472
45,504
46,54
46,233
46,273
46,423
47,100
48,234
48,379
48,544
49,67
49,379
50,209
51,401
52,67
52,379
53,249
53,529
54,210
54,234
54,252
54,285
54,384
54,401
54,408
54,448
54,473
54,474
54,531
54,535
54,544
55,273
55,535
56,179
56,544
57,234
57,535
58,100
58,379
58,544
59,263
59,379
59,544
60,173
60,236
60,457
60,509
60,534
61,428
62,72
62,417
63,92
63,458
63,467
63,521
64,467
64,478
64,480
65,85
65,286
65,535
66,263
66,298
66,352
66,367
66,379
66,423
66,535
66,544
67,199
67,244
67,263
67,374
67,423
67,507
67,536
67,542
67,543
67,544
68,535
69,273
70,480
71,426
73,544
74,353
74,464
75,104
75,511
76,207
76,293
77,535
78,234
78,462
79,263
80,428
81,390
82,418
82,481
83,234
83,362
83,540
84,234
85,379
86,234
86,379
87,211
87,379
88,364
88,535
89,379
90,209
91,379
91,535
93,234
93,416
93,535
95,241
95,261
95,263
95,291
95,298
95,379
95,423
95,432
95,442
95,455
95,456
95,457
95,503
95,525
95,535
95,544
96,145
96,540
97,535
98,101
98,482
98,535
99,379
99,535
99,544
100,108
100,205
100,234
100,263
100,372
100,379
100,390
100,423
100,448
100,512
100,521
100,556
101,104
101,482
102,208
103,379
104,368
104,482
104,535
105,368
105,391
106,227
106,340
106,423
107,377
108,155
109,116
110,379
110,544
111,204
111,261
111,453
112,132
112,390
113,121
113,123
113,126
113,189
113,358
113,457
114,379
115,423
116,321
117,122
117,261
117,379
117,467
117,535
118,467
119,216
120,140
120,158
120,172
120,261
124,277
124,322
125,247
125,544
126,178
126,339
126,445
126,457
126,503
126,509
126,516
127,191
127,560
128,166
128,263
128,423
128,457
128,478
128,535
128,545
129,273
129,394
130,544
131,361
133,304
134,447
135,304
136,431
137,456
138,444
138,467
139,263
139,298
139,535
140,263
140,379
140,423
141,234
141,321
142,234
142,346
142,362
142,482
142,489
142,540
143,535
143,537
143,550
144,231
145,187
145,362
146,342
147,263
147,367
147,423
147,439
147,535
148,211
148,273
148,379
148,450
149,379
149,535
150,445
151,158
151,261
152,433
152,535
153,234
153,263
153,372
153,379
153,390
153,423
153,435
153,448
154,155
154,373
154,457
155,161
155,200
155,204
155,216
155,231
155,261
155,269
155,291
155,342
155,390
155,424
155,439
155,445
155,455
155,467
155,513
155,535
155,544
155,545
156,234
156,395
156,535
157,291
157,535
158,261
158,480
159,424
160,263
160,273
160,448
161,336
162,204
162,556
163,219
163,372
164,544
165,535
167,301
167,544
168,396
168,560
169,444
169,490
171,248
172,430
172,457
172,467
173,180
173,243
173,315
174,440
175,428
176,442
177,379
177,544
178,456
179,234
179,263
179,296
179,379
180,458
180,515
181,355
181,535
182,375
183,509
183,537
184,379
186,315
186,344
186,545
187,391
188,544
189,234
189,263
189,298
189,379
189,423
189,448
189,535
189,544
190,227
190,544
191,234
191,253
191,257
191,263
191,273
191,275
191,350
191,372
191,379
191,390
191,423
191,435
191,448
191,501
191,560
192,379
193,295
193,368
194,494
196,234
196,267
196,296
197,234
197,273
199,379
199,514
200,216
201,227
201,408
202,448
202,535
203,221
203,234
205,544
206,301
206,544
207,239
207,263
207,379
207,423
207,518
207,519
208,213
208,273
208,406
208,437
209,273
209,299
210,227
210,461
211,273
211,450
212,379
215,550
216,467
216,556
217,379
218,234
218,379
219,279
220,379
220,544
222,234
222,535
223,423
224,544
225,236
225,361
226,273
226,553
227,234
227,263
227,284
227,298
227,312
227,372
227,379
227,390
227,435
227,448
227,510
228,428
229,288
229,379
230,535
232,418
233,234
233,262
233,283
233,284
233,318
233,379
233,423
233,535
234,245
234,246
234,247
234,249
234,263
234,266
234,271
234,272
234,280
234,286
234,298
234,301
234,306
234,310
234,321
234,326
234,340
234,345
234,348
234,353
234,354
234,357
234,360
234,362
234,363
234,367
234,372
234,375
234,377
234,379
234,383
234,390
234,396
234,408
234,423
234,426
234,428
234,431
234,434
234,435
234,448
234,463
234,468
234,470
234,478
234,480
234,483
234,484
234,487
234,488
234,501
234,504
234,509
234,510
234,514
234,517
234,530
234,535
234,537
234,543
234,544
234,550
234,553
234,557
234,560
235,273
235,379
237,435
237,460
237,467
237,545
238,501
238,535
240,282
240,501
241,545
242,457
242,467
242,513
243,379
243,423
243,526
244,470
244,535
245,263
245,298
245,379
246,263
246,298
246,390
246,423
246,435
246,448
246,457
246,480
246,544
247,379
247,535
248,457
248,467
248,491
248,556
249,423
250,448
251,514
252,273
252,423
253,560
254,361
255,379
256,273
256,553
257,560
258,273
258,343
259,372
260,372
261,327
261,390
261,441
261,467
261,513
261,545
262,372
263,280
263,283
263,298
263,301
263,306
263,321
263,345
263,355
263,367
263,372
263,377
263,379
263,381
263,390
263,394
263,408
263,418
263,423
263,431
263,445
263,448
263,463
263,464
263,470
263,476
263,480
263,481
263,500
263,501
263,504
263,509
263,510
263,512
263,517
263,533
263,535
263,538
263,544
263,556
263,560
264,273
265,372
267,271
267,390
267,423
267,448
267,450
268,372
269,523
269,545
270,544
271,273
271,551
272,282
272,535
273,274
273,281
273,284
273,290
273,292
273,293
273,300
273,314
273,329
273,333
273,351
273,380
273,385
273,413
273,416
273,423
273,427
273,428
273,433
273,472
273,473
273,474
273,476
273,501
273,509
273,531
273,540
273,547
273,549
273,558
273,561
274,423
274,426
275,560
276,423
278,315
279,379
279,535
280,298
280,379
280,390
280,423
280,535
281,553
282,408
282,423
282,448
283,318
284,379
284,423
284,542
285,549
285,561
287,459
288,448
288,535
288,544
289,560
290,436
290,501
293,404
293,519
294,361
295,431
296,297
296,332
298,301
298,306
298,309
298,328
298,345
298,377
298,379
298,390
298,407
298,408
298,423
298,435
298,448
298,463
298,480
298,501
298,504
298,510
298,535
298,539
299,423
301,330
301,370
301,372
301,374
301,379
301,388
301,390
301,423
301,435
301,448
301,475
301,535
301,544
302,424
302,537
304,535
306,372
306,379
306,390
306,423
306,448
306,535
306,544
307,327
307,400
308,357
308,371
309,403
310,544
311,438
311,520
311,557
312,551
313,480
314,514
315,386
315,509
315,545
316,416
317,535
319,530
320,535
320,544
321,327
321,328
321,372
321,379
321,390
321,423
321,448
321,535
321,544
322,386
322,509
323,560
324,545
325,372
327,405
327,457
327,467
327,469
329,465
330,427
331,501
333,535
334,379
335,379
335,544
337,362
337,540
338,379
339,457
339,481
340,535
341,372
341,513
342,490
342,516
343,423
343,530
344,359
345,372
345,379
345,390
345,423
345,448
345,535
345,544
347,421
348,535
348,554
350,487
351,555
354,379
355,390
356,379
358,520
360,425
360,535
361,478
362,379
362,423
362,459
362,509
364,379
364,495
365,366
365,535
367,372
367,379
367,390
367,423
367,525
367,535
368,419
368,535
369,379
369,537
369,544
370,529
371,423
372,379
372,390
372,392
372,423
372,431
372,435
372,448
372,470
372,480
372,501
372,504
372,510
372,535
372,555
373,379
373,444
373,457
374,379
377,379
377,390
377,423
377,448
377,535
377,544
378,412
379,388
379,390
379,394
379,408
379,423
379,426
379,429
379,430
379,431
379,435
379,436
379,437
379,444
379,448
379,461
379,463
379,465
379,470
379,484
379,501
379,504
379,509
379,510
379,512
379,516
379,529
379,534
379,535
379,536
379,541
379,544
379,556
380,423
380,485
381,394
383,482
383,511
385,465
386,390
387,560
389,554
390,408
390,423
390,431
390,432
390,435
390,444
390,448
390,463
390,464
390,467
390,470
390,480
390,501
390,504
390,510
390,535
390,545
390,560
391,419
391,544
393,560
394,535
396,535
398,554
399,560
401,423
402,467
402,535
403,535
404,530
408,423
408,448
408,452
408,535
408,544
409,544
412,544
413,423
414,560
415,535
417,508
417,516
418,510
422,483
423,425
423,426
423,430
423,431
423,435
423,436
423,445
423,448
423,451
423,464
423,470
423,474
423,477
423,480
423,496
423,501
423,502
423,509
423,510
423,522
423,531
423,535
423,540
423,544
423,553
423,560
424,509
426,535
428,448
428,544
431,446
431,448
431,535
431,544
434,535
435,448
435,467
435,470
435,478
435,501
436,527
436,535
437,477
438,545
439,457
440,509
441,457
441,467
443,535
444,467
445,457
446,560
447,457
447,528
448,463
448,464
448,470
448,480
448,501
448,504
448,507
448,510
448,535
448,538
448,544
448,558
448,560
449,535
452,457
453,545
454,467
456,545
457,480
457,513
459,540
462,544
463,485
463,535
463,544
464,535
466,476
467,535
467,545
470,482
470,544
471,544
475,535
479,535
479,544
480,523
480,545
481,510
483,535
484,499
484,511
484,535
484,559
486,493
488,544
492,535
493,535
494,535
495,535
497,535
497,544
498,530
500,528
501,535
501,544
504,535
504,544
505,544
506,544
508,535
509,535
509,544
510,533
510,535
510,544
512,535
512,544
513,526
515,535
522,524
524,535
524,555
525,535
527,547
528,535
529,552
530,544
532,544
535,542
535,544
535,545
535,546
535,548
535,554
535,556
539,554
544,554
